1.000000000000000000e+00 9.043683000000000210e-12 2.326809000000000006e-11 1.110222999999999951e-16 9.043683000000000210e-12 1.000000000000000000e+00 2.392370000000000187e-10 2.220445999999999902e-16 2.326809999999999937e-11 2.392370000000000187e-10 9.999999000000000526e-01 -2.220445999999999902e-16
9.990497999999999879e-01 -1.649779999999999996e-03 4.355193999999999732e-02 5.154655999999999821e-02 1.760422999999999892e-03 9.999953000000000314e-01 -2.502237000000000038e-03 -2.424882999999999900e-02 -4.354759999999999881e-02 2.576529000000000146e-03 9.990480000000000471e-01 1.000725000000000087e+00
9.960495000000000321e-01 -5.367949000000000331e-03 8.863830999999999793e-02 1.464631999999999878e-01 6.010223999999999775e-03 9.999575000000000546e-01 -6.980718000000000339e-03 -5.051622000000000057e-02 -8.859706999999999999e-02 7.485875000000000341e-03 9.960394000000000192e-01 1.995659000000000072e+00
9.909270999999999496e-01 -5.886877999999999903e-03 1.342721000000000053e-01 2.879204000000000208e-01 7.448177999999999743e-03 9.999103000000000296e-01 -1.112851999999999938e-02 -7.903058999999999779e-02 -1.341945999999999972e-01 1.202762999999999922e-02 9.908820000000000405e-01 2.986690999999999985e+00
9.836222000000000021e-01 -3.565065999999999981e-03 1.802072000000000118e-01 4.657503000000000060e-01 6.172884000000000010e-03 9.998841000000000534e-01 -1.391249999999999952e-02 -1.102927999999999964e-01 -1.801368000000000136e-01 1.479703999999999915e-02 9.835302000000000211e-01 3.963845000000000063e+00
9.740478999999999665e-01 -6.173618999999999982e-03 2.262579000000000118e-01 6.971644999999999648e-01 9.486835000000000753e-03 9.998629999999999463e-01 -1.355911999999999916e-02 -1.438770000000000049e-01 -2.261431999999999887e-01 1.535369999999999964e-02 9.739729999999999777e-01 4.934638999999999776e+00
9.624211999999999767e-01 -7.368625000000000175e-03 2.714613000000000165e-01 9.715688999999999576e-01 1.164015000000000015e-02 9.998323999999999545e-01 -1.412847000000000061e-02 -1.802236999999999867e-01 -2.713116999999999890e-01 1.675739000000000048e-02 9.623456000000000232e-01 5.887650999999999968e+00
9.488374000000000530e-01 -9.693544000000000119e-03 3.156164000000000192e-01 1.288078999999999974e+00 1.587616000000000027e-02 9.997289999999999788e-01 -1.702375999999999889e-02 -2.184877000000000069e-01 -3.153657999999999739e-01 2.116354999999999972e-02 9.487341000000000246e-01 6.826202000000000325e+00
9.336202000000000112e-01 -1.263857000000000001e-02 3.580415000000000125e-01 1.651331000000000104e+00 2.080461000000000116e-02 9.996036999999999839e-01 -1.896441000000000099e-02 -2.547289999999999832e-01 -3.576598999999999751e-01 2.515446000000000001e-02 9.335130000000000372e-01 7.743952000000000169e+00
9.161945000000000228e-01 -1.228394000000000014e-02 4.005456000000000016e-01 2.050498000000000154e+00 2.177648000000000084e-02 9.995792999999999484e-01 -1.915566999999999964e-02 -2.919528000000000123e-01 -4.001416999999999891e-01 2.627277999999999905e-02 9.160764999999999603e-01 8.646240000000000592e+00
8.965558999999999612e-01 -1.307764999999999969e-02 4.427376000000000089e-01 2.488684999999999814e+00 2.341789999999999844e-02 9.995654999999999957e-01 -1.789659000000000041e-02 -3.309236999999999873e-01 -4.423112000000000155e-01 2.641328000000000079e-02 8.964725000000000055e-01 9.527392000000000749e+00
8.745112999999999914e-01 -1.351428999999999998e-02 4.848167999999999922e-01 2.966292000000000151e+00 2.447753999999999902e-02 9.995676000000000005e-01 -1.628952999999999998e-02 -3.697385000000000255e-01 -4.843870000000000120e-01 2.611248999999999862e-02 8.744640000000000191e-01 1.038416999999999923e+01
8.503690999999999889e-01 -1.348161999999999972e-02 5.260139000000000342e-01 3.483067999999999831e+00 2.517722999999999836e-02 9.995692000000000466e-01 -1.508347999999999980e-02 -4.086030999999999969e-01 -5.255838999999999928e-01 2.607009999999999883e-02 8.503422000000000480e-01 1.121560000000000024e+01
8.245428999999999675e-01 -1.401099999999999915e-02 5.656259999999999621e-01 4.036690000000000111e+00 2.696389999999999898e-02 9.995304999999999884e-01 -1.454754999999999937e-02 -4.439735000000000209e-01 -5.651566000000000090e-01 2.724655999999999953e-02 8.245335999999999776e-01 1.201877999999999957e+01
7.970302000000000220e-01 -1.619332999999999884e-02 6.037223999999999924e-01 4.631439000000000306e+00 3.126103999999999689e-02 9.994066000000000338e-01 -1.446406000000000081e-02 -4.790227000000000235e-01 -6.031298999999999966e-01 3.040127999999999928e-02 7.970633999999999775e-01 1.279006000000000043e+01
7.681510999999999756e-01 -1.510445000000000017e-02 6.400903999999999483e-01 5.252124000000000237e+00 3.186801999999999691e-02 9.993845000000000089e-01 -1.466089999999999928e-02 -5.136186000000000362e-01 -6.394750000000000156e-01 3.166019999999999945e-02 7.681597000000000008e-01 1.353058000000000050e+01
7.374230000000000507e-01 -1.831696999999999839e-02 6.751827999999999719e-01 5.913460999999999856e+00 3.718619000000000091e-02 9.992170999999999692e-01 -1.350644999999999971e-02 -5.462713000000000152e-01 -6.744067000000000256e-01 3.506742999999999666e-02 7.375268000000000379e-01 1.423731000000000080e+01
7.051665999999999768e-01 -1.811308999999999836e-02 7.088103000000000042e-01 6.602642999999999596e+00 3.829943000000000236e-02 9.991872000000000531e-01 -1.256910999999999966e-02 -5.777428999999999482e-01 -7.080064999999999831e-01 3.601033000000000012e-02 7.052870999999999446e-01 1.491216000000000008e+01
6.706801000000000013e-01 -1.682163999999999882e-02 7.415559999999999929e-01 7.315983000000000125e+00 3.848398000000000096e-02 9.991854000000000013e-01 -1.214000999999999969e-02 -6.091556000000000193e-01 -7.407477999999999563e-01 3.668007999999999685e-02 6.707811000000000190e-01 1.555483000000000082e+01
6.350649000000000433e-01 -1.784306000000000086e-02 7.722527999999999615e-01 8.059654000000000096e+00 4.358563000000000021e-02 9.989681999999999729e-01 -1.276143000000000069e-02 -6.362919999999999687e-01 -7.712282000000000304e-01 4.176345000000000057e-02 6.351871999999999518e-01 1.615500000000000114e+01
5.983914999999999651e-01 -1.631633999999999862e-02 8.010376999999999637e-01 8.824946999999999875e+00 4.435618000000000200e-02 9.989339000000000413e-01 -1.278767999999999919e-02 -6.652782999999999891e-01 -7.999751000000000500e-01 4.318298999999999749e-02 5.984772999999999898e-01 1.672174000000000049e+01
5.606381999999999755e-01 -1.560419000000000042e-02 8.279138999999999804e-01 9.617499000000000464e+00 4.722424000000000066e-02 9.987977000000000105e-01 -1.315387999999999974e-02 -6.938754999999999784e-01 -8.267132000000000369e-01 4.647215999999999847e-02 5.607010000000000050e-01 1.724834999999999852e+01
5.217302999999999802e-01 -1.415458999999999988e-02 8.529930999999999486e-01 1.043571999999999989e+01 5.299063999999999858e-02 9.984693000000000040e-01 -1.584291000000000171e-02 -7.209801999999999600e-01 -8.514631000000000283e-01 5.346635999999999750e-02 5.216817000000000260e-01 1.773582000000000036e+01
4.824023000000000061e-01 -1.314332999999999994e-02 8.758512000000000519e-01 1.127338999999999913e+01 5.466342999999999896e-02 9.983902000000000054e-01 -1.512539000000000071e-02 -7.448949000000000265e-01 -8.742425000000000335e-01 5.517354000000000008e-02 4.823440999999999979e-01 1.818861000000000061e+01
4.437519999999999798e-01 -1.483489999999999982e-02 8.960268999999999595e-01 1.213843999999999923e+01 5.962892000000000192e-02 9.981358999999999648e-01 -1.300543000000000012e-02 -7.707228000000000412e-01 -8.941635999999999473e-01 5.920028000000000096e-02 4.438094000000000205e-01 1.860540999999999912e+01
4.063320999999999739e-01 -1.567328999999999944e-02 9.135910999999999893e-01 1.302386000000000088e+01 6.333168000000000131e-02 9.979314000000000240e-01 -1.104743000000000044e-02 -7.968986999999999599e-01 -9.115280000000000049e-01 6.234817000000000137e-02 4.064841000000000149e-01 1.898486000000000118e+01
3.705969000000000069e-01 -1.336462000000000067e-02 9.286976999999999594e-01 1.392281999999999975e+01 6.549873000000000500e-02 9.977831000000000339e-01 -1.177845999999999928e-02 -8.194983000000000128e-01 -9.264814000000000105e-01 6.519355999999999762e-02 3.706505999999999967e-01 1.933529000000000053e+01
3.367104000000000208e-01 -1.369923999999999968e-02 9.415086000000000288e-01 1.484567000000000014e+01 6.695769999999999500e-02 9.977112000000000203e-01 -9.428980999999999474e-03 -8.398217000000000043e-01 -9.392245000000000177e-01 6.621607000000000187e-02 3.368570000000000175e-01 1.965558000000000050e+01
3.032100999999999824e-01 -1.606372000000000008e-02 9.527883999999999798e-01 1.578819000000000017e+01 6.893784000000000023e-02 9.976078000000000445e-01 -5.119036000000000419e-03 -8.590109999999999690e-01 -9.504268000000000161e-01 6.723529999999999784e-02 3.035920999999999759e-01 1.994857999999999976e+01
2.700383000000000089e-01 -1.584083999999999839e-02 9.627192999999999445e-01 1.674608999999999881e+01 6.970552000000000692e-02 9.975627000000000244e-01 -3.137907000000000109e-03 -8.779578999999999578e-01 -9.603230999999999851e-01 6.795418999999999765e-02 2.704843000000000108e-01 2.020958999999999861e+01
2.373840999999999868e-01 -1.301040000000000009e-02 9.713287999999999922e-01 1.771096000000000004e+01 6.752450000000000119e-02 9.977127000000000079e-01 -3.138591000000000037e-03 -8.926427999999999585e-01 -9.690661000000000413e-01 6.633352000000000692e-02 2.377196000000000031e-01 2.044290000000000163e+01
2.058012999999999926e-01 -1.089048999999999920e-02 9.785331999999999919e-01 1.869074000000000169e+01 6.752573000000000603e-02 9.977127000000000079e-01 -3.097800999999999853e-03 -9.066815999999999764e-01 -9.762612000000000512e-01 6.671367999999999743e-02 2.060659999999999992e-01 2.064544000000000068e+01
1.748760000000000037e-01 -1.056613999999999991e-02 9.845338000000000145e-01 1.969165999999999883e+01 6.930052999999999908e-02 9.975945000000000507e-01 -1.603073999999999905e-03 -9.204752000000000489e-01 -9.821484999999999799e-01 6.850902999999999854e-02 1.751875999999999989e-01 2.081649000000000171e+01
1.440159000000000022e-01 -1.095259999999999984e-02 9.895148000000000277e-01 2.070871999999999957e+01 7.093837000000000059e-02 9.974804000000000448e-01 7.162509999999999970e-04 -9.323173999999999628e-01 -9.870293999999999457e-01 7.009139999999999815e-02 1.444300000000000028e-01 2.095889999999999986e+01
1.132279999999999953e-01 -1.188899000000000032e-02 9.934979000000000449e-01 2.174156999999999940e+01 6.960631999999999930e-02 9.975665000000000227e-01 4.004714000000000364e-03 -9.423525000000000373e-01 -9.911278000000000032e-01 6.870026999999999384e-02 1.137800000000000061e-01 2.107450000000000045e+01
8.347506000000000370e-02 -1.182121000000000040e-02 9.964397999999999866e-01 2.279075999999999880e+01 7.016374999999999695e-02 9.975176999999999516e-01 5.956142999999999681e-03 -9.484050000000000535e-01 -9.940366999999999953e-01 6.941674000000000455e-02 8.409725999999999313e-02 2.116118000000000166e+01
5.575868999999999964e-02 -1.119487000000000086e-02 9.983815000000000328e-01 2.385364999999999824e+01 7.276066000000000478e-02 9.973239999999999883e-01 7.119389000000000273e-03 -9.510469999999999757e-01 -9.957894999999999941e-01 7.224590999999999652e-02 5.642401999999999834e-02 2.121468000000000131e+01
3.022404999999999883e-02 -1.055358999999999985e-02 9.994874999999999732e-01 2.493111999999999995e+01 7.695768000000000053e-02 9.970006000000000146e-01 8.200162000000000423e-03 -9.519265000000000088e-01 -9.965760999999999648e-01 7.667037999999999631e-02 3.094558000000000031e-02 2.124069000000000074e+01
7.200764000000000123e-03 -1.011089000000000085e-02 9.999230000000000063e-01 2.602347999999999928e+01 8.125250000000000528e-02 9.966483000000000425e-01 9.492646999999999891e-03 -9.509505999999999792e-01 -9.966675000000000395e-01 8.117786999999999920e-02 7.998164999999999789e-03 2.124026999999999887e+01
-1.358780000000000057e-02 -9.968576999999999300e-03 9.998580000000000245e-01 2.712723000000000084e+01 8.719664000000000581e-02 9.961290999999999896e-01 1.111637000000000042e-02 -9.489507999999999832e-01 -9.960984000000000504e-01 8.733528000000000124e-02 -1.266597000000000035e-02 2.121564000000000050e+01
-3.162964000000000053e-02 -1.065186000000000084e-02 9.994429000000000229e-01 2.824249000000000009e+01 9.165357000000000365e-02 9.956992000000000065e-01 1.351253999999999997e-02 -9.456288000000000471e-01 -9.952885000000000204e-01 9.202989000000000308e-02 -3.051732000000000056e-02 2.116968999999999923e+01
-4.749040999999999679e-02 -1.030236999999999993e-02 9.988186000000000009e-01 2.937021999999999977e+01 9.488928000000000640e-02 9.953781000000000434e-01 1.477853999999999973e-02 -9.414386000000000143e-01 -9.943543999999999716e-01 9.547899999999999443e-02 -4.629333000000000059e-02 2.110741000000000156e+01
-6.213431999999999983e-02 -1.086217000000000085e-02 9.980086999999999708e-01 3.050290999999999997e+01 9.737473000000000656e-02 9.951044000000000000e-01 1.689293999999999865e-02 -9.363593999999999529e-01 -9.933062999999999754e-01 9.823044000000000220e-02 -6.077243000000000228e-02 2.102959999999999852e+01
-7.560867999999999756e-02 -1.193509000000000063e-02 9.970662000000000136e-01 3.164196000000000097e+01 9.751630999999999494e-02 9.950466000000000033e-01 1.930569000000000035e-02 -9.296868000000000354e-01 -9.923577000000000092e-01 9.868986999999999898e-02 -7.407028999999999697e-02 2.093984000000000023e+01
-8.805538999999999727e-02 -1.198808999999999986e-02 9.960434999999999706e-01 3.278681999999999874e+01 9.729037000000000102e-02 9.950432999999999639e-01 2.057702000000000142e-02 -9.216773000000000327e-01 -9.913530000000000397e-01 9.871733000000000591e-02 -8.645258999999999583e-02 2.083696000000000126e+01
-9.947788000000000463e-02 -9.193596000000000060e-03 9.949972999999999734e-01 3.394232000000000227e+01 9.735338000000000325e-02 9.950698999999999517e-01 1.892746000000000012e-02 -9.117461999999999511e-01 -9.902657999999999738e-01 9.874919999999999531e-02 -9.809239999999999626e-02 2.071858999999999895e+01
-1.097966999999999971e-01 -5.360682000000000294e-03 9.939396000000000342e-01 3.511473000000000155e+01 9.798070999999999864e-02 9.950565999999999578e-01 1.619026000000000146e-02 -9.007201000000000235e-01 -9.891128999999999616e-01 9.916453000000000073e-02 -1.087286999999999976e-01 2.058532999999999902e+01
-1.194554000000000032e-01 -2.512059000000000080e-03 9.928363999999999523e-01 3.630912000000000006e+01 9.905113999999999586e-02 9.949776000000000176e-01 1.443503999999999968e-02 -8.891584000000000154e-01 -9.878862000000000476e-01 1.000658999999999993e-01 -1.186066000000000065e-01 2.043697999999999837e+01
-1.270884999999999931e-01 -1.278669999999999980e-03 9.918905999999999556e-01 3.752680000000000149e+01 9.888956999999999609e-02 9.950006000000000128e-01 1.395314999999999923e-02 -8.781567999999999596e-01 -9.869495000000000351e-01 9.986090000000000244e-02 -1.263266000000000111e-01 2.027890000000000015e+01
-1.329870999999999970e-01 -7.149781000000000452e-04 9.911174999999999846e-01 3.876733000000000118e+01 9.839198000000000388e-02 9.950504000000000016e-01 1.391994000000000044e-02 -8.670198999999999545e-01 -9.862218000000000373e-01 9.936917000000000666e-02 -1.322585000000000011e-01 2.011084999999999923e+01
-1.381591000000000069e-01 8.940047000000000228e-04 9.904096999999999484e-01 4.002403000000000333e+01 9.941083000000000558e-02 9.949618999999999547e-01 1.296938000000000084e-02 -8.564479000000000397e-01 -9.854083000000000148e-01 1.002492999999999995e-01 -1.375519000000000047e-01 1.993252999999999986e+01
