1.000000000000000000e+00 9.043683000000000210e-12 2.326809000000000006e-11 1.110222999999999951e-16 9.043683000000000210e-12 1.000000000000000000e+00 2.392370000000000187e-10 2.220445999999999902e-16 2.326809999999999937e-11 2.392370000000000187e-10 9.999999000000000526e-01 -2.220445999999999902e-16
9.996614775788964513e-01 4.490945022758468705e-04 2.601400697519221789e-02 9.239926309939052729e-01 -3.938872619992195658e-04 9.999976597280764157e-01 -2.127296687064202281e-03 -3.849981358420435928e-02 -2.601489880476690400e-02 2.116330230319026472e-03 9.996592150260729115e-01 3.804672828106019922e-01
9.974103847622362018e-01 -4.290181976875448271e-03 7.179219112865177499e-02 1.148817487469300902e+00 4.685166729635138055e-03 9.999747969851233709e-01 -5.334286013812242731e-03 -1.767538824375748385e-01 -7.176748946586775091e-02 5.656830563371366763e-03 9.974052474915872102e-01 1.345008318837500827e+00
9.927797875524591031e-01 -3.803408071211686597e-03 1.198908983798925437e-01 1.246984330618158943e+00 5.067934776942099699e-03 9.999346843076569735e-01 -1.024417666988625825e-02 -1.777385509473692060e-01 -1.198440928055945487e-01 1.077781019180276863e-02 9.927341196045817995e-01 2.340177703047955138e+00
9.861601247949015603e-01 1.941252241375345357e-03 1.657843171239041791e-01 1.399646076388791016e+00 -2.012877499559212024e-04 9.999447323264180065e-01 -1.051150683254696745e-02 -2.305677106933522180e-01 -1.657955434712274634e-01 1.033265798286744225e-02 9.861059141614049173e-01 3.327043082135676677e+00
9.778460226355356610e-01 -1.180642806113313013e-03 2.093221490870645907e-01 1.793155586478878405e+00 3.123595715142144565e-03 9.999550533796414120e-01 -8.951780288179602904e-03 -3.973349176265364990e-01 -2.093021509316807249e-01 9.407300055943985939e-03 9.778056618372791275e-01 4.231111000258557020e+00
9.669534575118372555e-01 -7.384328735517779719e-05 2.549529477238324793e-01 2.111374360308914788e+00 2.919358657970643617e-03 9.999376049345750639e-01 -1.078255919219694471e-02 -4.335050687708421613e-01 -2.549362181583423315e-01 1.117053134842153038e-02 9.668932432800045884e-01 5.178437951557557817e+00
9.544854077509152823e-01 -3.264490428437600601e-03 2.982397516978765872e-01 2.483136996820201947e+00 7.798186182703902708e-03 9.998714061133526787e-01 -1.401283444447384147e-02 -4.504818865216723145e-01 -2.981556252614187552e-01 1.570077401748626658e-02 9.543880284350985121e-01 6.106610434164741363e+00
9.411866599862382943e-01 -6.975308497394365655e-03 3.378150620314540609e-01 3.015857672419815394e+00 1.338169581194261805e-02 9.997720084674591723e-01 -1.663914968203553113e-02 -5.059956853084780493e-01 -3.376219460431793551e-01 2.018108257497541053e-02 9.410653247549440881e-01 6.951078762347341566e+00
9.254309499784671988e-01 -9.360279767910569329e-03 3.788006625979132846e-01 3.492560684816568450e+00 1.753097055921049030e-02 9.996819936509262483e-01 -1.812668313186503385e-02 -5.892052539697689717e-01 -3.785104928542878389e-01 2.341573499080645826e-02 9.253006593286607906e-01 7.826196041605784082e+00
9.073676324189020592e-01 -1.042914252760643659e-02 4.202085346880222727e-01 3.954783183469626096e+00 1.876894671114015881e-02 9.997003101023009819e-01 -1.571676241214682232e-02 -6.988713235317575156e-01 -4.199186480369051511e-01 2.214775135739571049e-02 9.072913568091997005e-01 8.706152608718440433e+00
8.869998837160693039e-01 -8.875102127680008224e-03 4.616843497996254708e-01 4.482526681712370120e+00 1.849757509938893332e-02 9.996956932722987910e-01 -1.632055661617906606e-02 -6.867512327745630696e-01 -4.613989633491284992e-01 2.301637092964237477e-02 8.868940428763678607e-01 9.555469839937948962e+00
8.647571252555815713e-01 -9.068645071364773644e-03 5.021084285254259205e-01 5.089706327115978368e+00 1.968875818728316879e-02 9.996804563831660495e-01 -1.585364079918106378e-02 -6.890151593863897972e-01 -5.018041617105507557e-01 2.359543839372418850e-02 8.646592615458357223e-01 1.035003111927481179e+01
8.783951390811302051e-01 -8.554371510507001106e-03 4.778585589551609947e-01 6.048480903949764453e+00 1.080009503730241550e-02 9.999397715390352381e-01 -1.952240161731227204e-03 -8.882842450110759458e-01 -4.778130302546222397e-01 6.875755909960298840e-03 8.784345348969226919e-01 1.014744006780285623e+01
8.512762127758960462e-01 -1.166392137281031111e-02 5.245881837214194654e-01 6.290016961117886218e+00 1.407412215769454460e-02 9.999007706536581219e-01 -6.065737483617930073e-04 -1.023619102911941914e+00 -5.245290016510872899e-01 7.899479671390142316e-03 8.513558155365158475e-01 1.110834829679855673e+01
8.257043247619969550e-01 -1.008610589499364142e-02 5.640129772773062600e-01 6.836836796542277384e+00 1.294101765609165927e-02 9.999156952617782590e-01 -1.064157498276941229e-03 -1.052270359368448815e+00 -5.639546386655993615e-01 8.177581005973115838e-03 8.257651558987307849e-01 1.194510813873383803e+01
7.980115681650561399e-01 -1.530118444286206712e-02 6.024478490536711028e-01 7.359544667149873653e+00 1.891994085097991815e-02 9.998209467217288315e-01 3.321666198071249534e-04 -1.140788313956783595e+00 -6.023450010533302201e-01 1.113320422908831500e-02 7.981580992946623043e-01 1.279301197166533299e+01
7.700318556860354935e-01 -1.619998536152000498e-02 6.377997347937741646e-01 8.061886853534691255e+00 2.030197974469897040e-02 9.997935032401370492e-01 8.834575611559501935e-04 -1.220585837249789085e+00 -6.376822794008727424e-01 1.226830608251277405e-02 7.702016613874473894e-01 1.350036457710418958e+01
7.391708573613039457e-01 -1.557916483739682674e-02 6.733377556997124369e-01 8.738330948117996044e+00 2.129104217799069818e-02 9.997732910902805692e-01 -2.407186875267826114e-04 -1.239504189938166911e+00 -6.731812864724111556e-01 1.451399382152066334e-02 7.393349034955062349e-01 1.423661546807438150e+01
7.050290020155947079e-01 -1.765599325978510839e-02 7.089586533916533151e-01 9.319156056408314015e+00 2.550172114435408574e-02 9.996746703799846978e-01 -4.643483032720810660e-04 -1.320804644172875353e+00 -7.087197386948331790e-01 1.840704353930796081e-02 7.052498229226861204e-01 1.504657367594275996e+01
6.714921497527166494e-01 -1.518644415811537703e-02 7.408560350933974803e-01 1.003793439957529188e+01 2.494289843017870323e-02 9.996866391578616007e-01 -2.115492179903825844e-03 -1.286033413958567184e+00 -7.405916789161212099e-01 1.989963171404349196e-02 6.716604572087426783e-01 1.574094285626707013e+01
6.365513590521875154e-01 -1.409749529294767635e-02 7.711054583617470426e-01 1.081322778356179981e+01 2.713731851516603191e-02 9.996231971940729988e-01 -4.126690599975473515e-03 -1.277821727563860366e+00 -7.707566505417815517e-01 2.355258306452821110e-02 6.366940092985118316e-01 1.637249068282775610e+01
5.982219616713908561e-01 -1.383536517257162070e-02 8.012110004515515804e-01 1.161719485024240761e+01 2.922951443079536277e-02 9.995623086119976852e-01 -4.563626671327591922e-03 -1.479638445020352133e+00 -8.007970977336291707e-01 2.614906806218269750e-02 5.983644662752681809e-01 1.693187150623398551e+01
5.632797876679910276e-01 -1.374592714053218638e-02 8.261518808861672003e-01 1.247382123129859899e+01 2.880417992247596287e-02 9.995805491149388766e-01 -3.007498973076792696e-03 -1.639812618749748152e+00 -8.257639272703783950e-01 2.549068873186891016e-02 5.634394033141334468e-01 1.742231562048203131e+01
5.200753994329494478e-01 -1.668336554876850147e-02 8.539574018758933072e-01 1.301720243942123822e+01 3.230394103615807228e-02 9.994780806415001218e-01 -1.473455724527670261e-04 -1.759395530108579520e+00 -8.535091613658877252e-01 2.766281807620453448e-02 5.203428484764560658e-01 1.825324079871853300e+01
4.844808887871536185e-01 -1.695972019380757867e-02 8.746374313342411000e-01 1.390363804847937956e+01 3.481373337100335252e-02 9.993938137669972077e-01 9.472608242580398948e-05 -1.784204751239125475e+00 -8.741087572422616692e-01 3.040349879120931090e-02 4.847775858820749240e-01 1.871542730960315737e+01
4.507581693034143910e-01 -1.541091446595903476e-02 8.925130679836341674e-01 1.479597770803948364e+01 3.483532073710875199e-02 9.993930092231404494e-01 -3.369644795624513085e-04 -1.886881092765635870e+00 -8.919660386181104128e-01 3.124286583037857654e-02 4.510213623395579741e-01 1.915495826666920465e+01
4.198221236195457950e-01 -1.668300404033257883e-02 9.074530631915717072e-01 1.572950508253374124e+01 3.488508567226707158e-02 9.993888331917508694e-01 2.234029827807299060e-03 -1.922284793577401452e+00 -9.069356375981458829e-01 3.071868011199658036e-02 4.201474883259835869e-01 1.951171195424896965e+01
3.864525847472192188e-01 -1.859115278955909140e-02 9.221218839069760254e-01 1.665735305709700498e+01 3.583195290800943872e-02 9.993446560829474246e-01 5.131228825048411366e-03 -1.964405252873833385e+00 -9.216128802022345301e-01 3.105844864868015365e-02 3.868654440666557393e-01 1.988228445128343935e+01
3.542109810140712800e-01 -1.830010404575530686e-02 9.349864636030651432e-01 1.757862068632148578e+01 3.718966748831831204e-02 9.992932552569300242e-01 5.469792511408299619e-03 -1.938045396727522185e+00 -9.344256711302844076e-01 3.283437230991288064e-02 3.546411836317709398e-01 2.027031935081796021e+01
3.220104871252090217e-01 -1.517861691364449407e-02 9.466144176854568437e-01 1.850491418571499125e+01 3.426652698403331865e-02 9.994031821480676703e-01 4.368597116956563463e-03 -1.938188635639956026e+00 -9.461156759212151490e-01 3.103045177584445175e-02 3.223383918163345574e-01 2.064712208979462105e+01
2.908445156137240972e-01 -1.381814482613485592e-02 9.566705423556138843e-01 1.945883205881109035e+01 3.226021048154077697e-02 9.994687860860188566e-01 4.628656330756297441e-03 -1.950231815383547618e+00 -9.562262094443456650e-01 2.951617127537924448e-02 2.911357621539357177e-01 2.094694809809460168e+01
2.616847137779123034e-01 -1.363423959894614727e-02 9.650571061266443040e-01 2.043549001564252521e+01 3.367982688061740837e-02 9.994202309671343931e-01 4.987102855600029395e-03 -1.973915573389506850e+00 -9.645654947719507488e-01 3.119790503867581055e-02 2.619921697619075340e-01 2.116043886103911831e+01
2.317725153334646848e-01 -1.413308144192297958e-02 9.726673414610762514e-01 2.140690007684353802e+01 3.589936741990262803e-02 9.993375999064236792e-01 5.966308081270996037e-03 -2.030898572750572839e+00 -9.721072716023935190e-01 3.353531316116640376e-02 2.321263347165614943e-01 2.139090668995335776e+01
1.994180681017957146e-01 -1.363375504258914316e-02 9.798196542415290589e-01 2.235080624478114686e+01 3.489672693359270605e-02 9.993677662916621296e-01 6.803392281564756873e-03 -2.009511652193527897e+00 -9.792928370565792129e-01 3.283577676686305624e-02 1.997677427759670110e-01 2.172042713556805182e+01
1.707017265916430382e-01 -1.366921794498694373e-02 9.852279294759196393e-01 2.332739026460373211e+01 3.536783671513246685e-02 9.993444110307498907e-01 7.737200249225257252e-03 -1.994368106932724594e+00 -9.846876878960026946e-01 3.352462422042411933e-02 1.710732500331835770e-01 2.193502982911215327e+01
1.453411512896665148e-01 -1.328635227189394613e-02 9.892923847807102433e-01 2.432626740737696380e+01 3.945098621017037455e-02 9.991924256473458943e-01 7.623399243103360680e-03 -1.991569999330565555e+00 -9.885946459062229241e-01 3.792056329248744140e-02 1.457479226786534965e-01 2.198232278626574399e+01
1.195498935246450817e-01 -1.284338123897053874e-02 9.927451186062815625e-01 2.530021541684741493e+01 4.428042038896568000e-02 9.989902949388219655e-01 7.591771086086600284e-03 -1.991108248361801447e+00 -9.918401436351267364e-01 4.305157193820820932e-02 1.199978817626090044e-01 2.220909370893938117e+01
9.451642695355823298e-02 -1.155864624278455516e-02 9.954561982995389080e-01 2.626629774674737305e+01 4.962407872677584292e-02 9.987442344562130758e-01 6.885125343311162237e-03 -1.982132227985741402e+00 -9.942856219768299031e-01 4.874783490944554348e-02 9.497131420488187648e-02 2.246717189402704662e+01
7.344651317213529707e-02 -1.268672943943706388e-02 9.972184598165990677e-01 2.725853235980702394e+01 5.539491471543219608e-02 9.984272938723334212e-01 8.622196613425964912e-03 -2.014135110900683756e+00 -9.957594161039555747e-01 5.460755627342751134e-02 7.403377633328316054e-02 2.258736459450636858e+01
5.624709617797614414e-02 -1.335101207063950877e-02 9.983276088780873581e-01 2.825588700580957280e+01 5.888481031601445342e-02 9.982143763259393454e-01 1.003184979276172152e-02 -1.996991808767011767e+00 -9.966788071141959859e-01 5.822206411667887882e-02 5.693282620272532846e-02 2.251672596283765060e+01
3.938095420201651042e-02 -1.254293854256953965e-02 9.991455425206382523e-01 2.925310368717258314e+01 6.117135649909558742e-02 9.980759899954673164e-01 1.011846523094270776e-02 -1.960557049598118384e+00 -9.973499920222690385e-01 6.072060776506379987e-02 4.007244946137026448e-02 2.258177515882802311e+01
2.439343342417359117e-02 -1.397994782686236628e-02 9.996046825943459835e-01 3.024861170920388886e+01 6.382863190045247326e-02 9.978838553405910972e-01 1.239826602055319957e-02 -1.994252865215268233e+00 -9.976626017979174366e-01 6.350095718124765254e-02 2.523413186317360543e-02 2.267025322684306232e+01
1.133328858683292639e-02 -1.603595691651558269e-02 9.998071837387366712e-01 3.123911502737038859e+01 6.748814973764731551e-02 9.976037419565931819e-01 1.523560563920554542e-02 -2.050715854774940006e+00 -9.976556054500834714e-01 6.730246115576306309e-02 1.238836697944698147e-02 2.279561312621636660e+01
-7.118057904849085750e-04 -1.571423901677200877e-02 9.998762703578102373e-01 3.223460302785925080e+01 6.505905518381065178e-02 9.977574719322014341e-01 1.572725475260480094e-02 -2.010456099928474849e+00 -9.978810617782539749e-01 6.506219417164016416e-02 3.121440201836853828e-04 2.270968995392847845e+01
-1.256092263753271626e-02 -1.352485223310501486e-02 9.998296362853881236e-01 3.323380512823214872e+01 6.572291478057658287e-02 9.977351216853576066e-01 1.432220053801607808e-02 -2.034126539209867524e+00 -9.977587496630097030e-01 6.589161192123335620e-02 -1.164357974776391441e-02 2.274185939142829938e+01
-2.169274728407049810e-02 -9.656963673971903639e-03 9.997180441343819224e-01 3.423001182764620864e+01 6.801474917563873901e-02 9.976224259837036534e-01 1.111256356408529648e-02 -2.037298692581822390e+00 -9.974483543353083181e-01 6.823662770445436399e-02 -2.098435305942705775e-02 2.265489877985507761e+01
-3.140634798886925844e-02 -7.151212281938870360e-03 9.994811161142092004e-01 3.522954363836144864e+01 6.844795660504678081e-02 9.976114465026956202e-01 9.288651322675487224e-03 -2.024901784721974796e+00 -9.971601273689335576e-01 6.870415628571503730e-02 -3.084184324345453504e-02 2.262692600943731236e+01
-3.954298975172071406e-02 -7.108055667103031078e-03 9.991925877958329760e-01 3.622808701740066795e+01 6.993912400774926486e-02 9.975024927341213932e-01 9.863869537040877850e-03 -2.057992884061029315e+00 -9.967671102732176269e-01 7.027269464716673353e-02 -3.894709571481788646e-02 2.266954172202868989e+01
-4.472533091247283404e-02 -6.347248027944670662e-03 9.989791575489682662e-01 3.722307150350167149e+01 7.053685479793189717e-02 9.974639768659656625e-01 9.495628991730063403e-03 -2.069535891677266370e+00 -9.965058947251291821e-01 7.088953631907640718e-02 -4.416418705863705413e-02 2.257018061590333247e+01
-5.095708046356044879e-02 -6.683505114491875357e-03 9.986784801476498163e-01 3.821382430614303161e+01 7.708491969929742726e-02 9.969681254732307707e-01 1.060527912621956476e-02 -2.183806266944824603e+00 -9.957213931338777524e-01 7.752345723373366138e-02 -5.028738245399639456e-02 2.264333226878227023e+01
