1.000000000000000000e+00 1.197625000000000039e-11 1.704637999999999951e-10 0.000000000000000000e+00 1.197625000000000039e-11 1.000000000000000000e+00 3.562502999999999769e-10 -1.110222999999999951e-16 1.704637999999999951e-10 3.562502999999999769e-10 1.000000000000000000e+00 2.220445999999999902e-16
9.999919416661408045e-01 -4.013131162957043335e-03 -1.066820051908287030e-04 7.747160235930979078e-02 4.013091726788490382e-03 9.999918799637499411e-01 -3.675613652273006324e-04 -6.802608166145074353e-02 1.081565546823589762e-04 3.671309897492780494e-04 9.999999267584952500e-01 9.946711029267617521e-01
9.999956561540658262e-01 -2.787422784052948337e-03 -9.580956225213217714e-04 1.970760365804987702e-01 2.786670487671553086e-03 9.999958085904524507e-01 -7.856647634560337892e-04 -8.915079069212539231e-02 9.602819295240625419e-04 7.829921654009847250e-04 9.999992323906476965e-01 1.987267962701134927e+00
9.999956561540657152e-01 -2.787422784087854443e-03 -9.580956225258136210e-04 2.341188479411635270e-01 2.786670487706081455e-03 9.999958085904523397e-01 -7.856647634603317835e-04 -8.400314648498830028e-02 9.602819295285974343e-04 7.829921654052509521e-04 9.999992323906476965e-01 2.986568383955021222e+00
9.999956561540657152e-01 -2.787422784081628087e-03 -9.580956225254182125e-04 1.965388050053419600e-01 2.786670487699772266e-03 9.999958085904523397e-01 -7.856647634591112971e-04 -1.043126799311905606e-01 9.602819295281973637e-04 7.829921654040301405e-04 9.999992323906474745e-01 3.985655598951620249e+00
9.999592257518054028e-01 -7.788195270009591435e-03 4.570650750817530431e-03 7.655227028326175298e-02 7.791030297630526999e-03 9.999694677822763555e-01 -6.027853122030019453e-04 -1.616033844841969214e-01 -4.565816242532392058e-03 6.383715223878342606e-04 9.999893728454507524e-01 4.976776684639708570e+00
9.999592257518047367e-01 -7.788195270002525039e-03 4.570650750823600228e-03 4.512897092865600368e-02 7.791030297623526522e-03 9.999694677822770217e-01 -6.027853122037840888e-04 -1.971374680448460537e-01 -4.565816242538466192e-03 6.383715223886922982e-04 9.999893728454507524e-01 5.975651003606437861e+00
9.999592257518050697e-01 -7.788195269987477180e-03 4.570650750825407810e-03 8.486888792798866210e-02 7.791030297608944437e-03 9.999694677822769107e-01 -6.027853122025452794e-04 -2.085246679932789560e-01 -4.565816242540416021e-03 6.383715223874212880e-04 9.999893728454507524e-01 6.974796173581781389e+00
9.999379232301692788e-01 -1.075898628532575077e-02 2.897222850729609233e-03 9.416999850952163797e-02 1.075456671332272046e-02 9.999409871171583974e-01 1.536742649923886640e-03 -2.441881385403501525e-01 -2.913585321783475519e-03 -1.505488168682347959e-03 9.999946222485127656e-01 7.974116745853773836e+00
9.998912933457684282e-01 -1.335583331203824518e-02 6.246855838496050313e-03 -3.811328791076191991e-02 1.334297051213184822e-02 9.999087812698412847e-01 2.096253174820750503e-03 -2.613078072307917776e-01 -6.274282865825202282e-03 -2.012672977023405828e-03 9.999782910253632862e-01 8.965180845175465763e+00
9.999213392283150537e-01 -1.224531521048142363e-02 2.714334402450054289e-03 4.280545409149877356e-02 1.224327089762444407e-02 9.999247530279860019e-01 7.685048134403617672e-04 -2.581042423160931354e-01 -2.723540391063663212e-03 -7.352113225910432252e-04 9.999960208881074619e-01 9.961896398592870128e+00
9.999128566877079072e-01 -1.288520759452095252e-02 2.872360679527675032e-03 -3.863082976888435049e-02 1.288344769926432973e-02 9.999168062424559356e-01 6.303723241143861832e-04 -2.765739267299099913e-01 -2.880243845231660483e-03 -5.933107747460729560e-04 9.999956760795096766e-01 1.095840380064624853e+01
9.999380575008024463e-01 -1.101161939573544121e-02 1.620308552797372322e-03 5.173462551143225008e-03 1.101134557320983948e-02 9.999393574832772247e-01 1.778330605427550979e-04 -2.825779859731062382e-01 -1.622168174436700331e-03 -1.599795590058199126e-04 9.999986714875942484e-01 1.195742589012586699e+01
9.999330486996361733e-01 -1.145455888298355096e-02 1.640487442410675954e-03 -5.981519741402098814e-03 1.145434878637813236e-02 9.999343873519348502e-01 1.374226692336180666e-04 -3.186543479032486470e-01 -1.641953572677280846e-03 -1.186220447140648248e-04 9.999986449577193959e-01 1.295671266699273971e+01
9.999008839745375798e-01 -1.398571290629486985e-02 1.619278062114869274e-03 -1.453255680142507243e-02 1.398775430411970146e-02 9.999013773785070391e-01 -1.256282647659542374e-03 -3.220421060943614022e-01 -1.601548005369300871e-03 1.278808901261195216e-03 9.999978998436847011e-01 1.395667036752260692e+01
9.998653080314185981e-01 -1.637145306437668563e-02 1.158153615751678252e-03 -3.215346341679348185e-02 1.637293914029414044e-02 9.998651280913698480e-01 -1.285492410078928772e-03 -3.394568452506002143e-01 -1.136951682160675147e-03 1.304282350063900101e-03 9.999985030930912400e-01 1.495636343565570492e+01
9.998360126233392098e-01 -1.808759551525134651e-02 8.869892550767451275e-04 -4.716131634172747444e-02 1.808873535654830292e-02 9.998355476836661149e-01 -1.294311130837769467e-03 -3.705088083612186334e-01 -8.634320576750530163e-04 1.310144100266329159e-03 9.999987690030013310e-01 1.595576852864009254e+01
9.998172322560846537e-01 -1.911119177958725546e-02 -5.142300522488036599e-04 -3.064890290573486081e-02 1.911029293102133042e-02 9.998159371834298703e-01 -1.699546442251230558e-03 -4.120628456709121701e-01 5.466161140932759366e-04 1.689409438903283732e-03 9.999984235520429365e-01 1.695476832950986434e+01
9.998343812581025336e-01 -1.804886353320817038e-02 -2.334219224253665775e-03 3.525108738310014228e-02 1.804275545624191637e-02 9.998338047375090465e-01 -2.611872826611375160e-03 -4.225604456556059096e-01 2.380972978015836149e-03 2.569325211103800147e-03 9.999938647489977628e-01 1.795253934116753314e+01
9.998479048851491857e-01 -1.607941786392227609e-02 -6.754214827403161314e-03 1.612849002912429830e-01 1.605194475192639469e-02 9.998627438382595711e-01 -4.102262047623548950e-03 -3.796535922702495292e-01 6.819250107762801077e-03 3.993220537274611535e-03 9.999687755213699791e-01 1.894363695496873135e+01
9.998505165080183721e-01 -1.512295827824357980e-02 -8.380976766637590267e-03 1.564777240013596193e-01 1.508907263441123039e-02 9.998777812344893379e-01 -4.091757645185589536e-03 -4.030579192373436870e-01 8.441832285782432249e-03 3.964685535042611689e-03 9.999565074223311090e-01 1.994335147846967615e+01
9.998505165080171508e-01 -1.512295827826693091e-02 -8.380976766638273748e-03 1.382249382952723815e-01 1.508907263443416517e-02 9.998777812344896709e-01 -4.091757645183781086e-03 -4.199241813761618314e-01 8.441832285783129608e-03 3.964685535040587266e-03 9.999565074223308869e-01 2.094304261326030669e+01
9.998190641257623801e-01 -1.644404552658844387e-02 -9.562027891738603819e-03 1.217468533490135563e-01 1.640989683879570324e-02 9.998587270617643741e-01 -3.638846543753537690e-03 -4.313618838602606975e-01 9.620514746749103674e-03 3.481276961393089432e-03 9.999476618337205247e-01 2.194284141884614314e+01
9.998371603251154927e-01 -1.536548499337394083e-02 -9.463334714902526396e-03 9.320934750891410325e-02 1.535233206185586223e-02 9.998810786635387027e-01 -1.460969165224232629e-03 -4.606386214104145616e-01 9.484658174084044033e-03 1.315447711701591511e-03 9.999541543774084218e-01 2.294200531097683893e+01
9.998215527855099927e-01 -1.624304764794243239e-02 -9.644998117012521313e-03 4.143015450101257546e-02 1.623877125475189920e-02 9.998680064435989667e-01 -5.215348878738014287e-04 -4.957879706226854255e-01 9.652196707878887491e-03 3.648196101195789413e-04 9.999533499145666360e-01 2.394004510894897564e+01
9.998877569521327224e-01 -1.161146359401470096e-02 -9.468231642560026584e-03 4.373637981539722080e-02 1.159881622447358693e-02 9.999317659196751418e-01 -1.389592368720589909e-03 -4.970524280707576126e-01 9.483721136833583171e-03 1.279616826337947851e-03 9.999542097587149625e-01 2.494004165017895858e+01
9.998504973690797160e-01 -1.358960928463727458e-02 -1.069137176860026142e-02 5.328486026365564926e-02 1.353773320780088905e-02 9.998963071870503594e-01 -4.909648999181154445e-03 -4.645172225448073733e-01 1.075698371233168964e-02 4.764178762903401899e-03 9.999307925562284094e-01 2.593946662834158801e+01
9.998594846013858506e-01 -1.278985840689097001e-02 -1.083653886544858058e-02 2.014245767022963818e-02 1.273799242362825233e-02 9.999071459733822609e-01 -4.841795161136761352e-03 -4.997780836336992993e-01 1.089745887368049823e-02 4.703079772466894903e-03 9.999295607345295434e-01 2.693829506844173949e+01
9.999083332879088459e-01 -9.679987006278823955e-03 -9.466935774267057693e-03 -1.525203585650316412e-02 9.638356790266757249e-03 9.999437227431907660e-01 -4.433218342722629844e-03 -5.198985567307948807e-01 9.509316844806983346e-03 4.341566968630139467e-03 9.999453603519548039e-01 2.793746592286935382e+01
9.998711748468028793e-01 -1.128888585873682494e-02 -1.141029213221387423e-02 3.091022234254221790e-02 1.123905010466946103e-02 9.999270606494221614e-01 -4.422344825207317337e-03 -5.229506585305935262e-01 1.145938356776551002e-02 4.293534979574364224e-03 9.999251212393979182e-01 2.893639521497147982e+01
9.998779763017997535e-01 -1.043553329159972558e-02 -1.162463554427888880e-02 -2.129146615479973054e-02 1.038427217288041132e-02 9.999361295151598661e-01 -4.461365450459209986e-03 -5.592324353705712126e-01 1.167045014913797862e-02 4.340108387642575664e-03 9.999224790214981118e-01 2.993437247738797780e+01
9.998830075912485960e-01 -1.292944970651462369e-02 -8.173154872275661606e-03 -1.241049436244203164e-01 1.289815171166120572e-02 9.999093241462218007e-01 -3.870551365217393073e-03 -6.199172543037936300e-01 8.222458213768600241e-03 3.764680656611820754e-03 9.999591083441734529e-01 3.092722027108370852e+01
9.998863910525660481e-01 -1.193567079606489521e-02 -9.205691202967452094e-03 -6.935020724980656137e-02 1.189527673348105691e-02 9.999194342117048162e-01 -4.430290868512524842e-03 -6.084193383216398576e-01 9.257828381898380171e-03 4.320284011821200025e-03 9.999478125180865096e-01 3.192565390274195636e+01
9.998861481898253523e-01 -1.213987883148521033e-02 -8.961807857407511763e-03 -9.475321303111068627e-02 1.211697107158248195e-02 9.999231908225942878e-01 -2.606044361394034559e-03 -6.479164987406302867e-01 8.992756920614812868e-03 2.497158400275091908e-03 9.999564463129821945e-01 3.292455062490228102e+01
9.998627110380307048e-01 -1.344566884432636146e-02 -9.683649364278833563e-03 -7.618526413657907004e-02 1.344639298885256205e-02 9.999095931243201507e-01 9.671989373750318079e-06 -7.156204471787542820e-01 9.682644199887990508e-03 -1.398801085832744747e-04 9.999531123181980563e-01 3.392208328429547493e+01
9.998652735701144545e-01 -1.322371274993363460e-02 -9.724614628347855866e-03 -1.109041468934677532e-01 1.322479707446694470e-02 9.999125474331934660e-01 4.720171743436150967e-05 -7.369003631514419173e-01 9.723140354187335618e-03 -1.758007052735504076e-04 9.999527136998839216e-01 3.492125382244318388e+01
9.998674540232409536e-01 -1.307716747744006730e-02 -9.698560504067045215e-03 -1.112019867986476229e-01 1.307804949468535649e-02 9.999144782749710414e-01 2.752288583248816437e-05 -7.525218525233861033e-01 9.697371495253716278e-03 -1.543567841035029355e-04 9.999529674740026408e-01 3.592113175516233525e+01
9.998883529536233272e-01 -1.099383848154465888e-02 -1.012013552940792434e-02 -1.015927993497336979e-01 1.101741140606877535e-02 9.999367150730000819e-01 2.276509373983424435e-03 -7.911094717105642271e-01 1.009446784974814618e-02 -2.387752196341766560e-03 9.999461987318503109e-01 3.692034077189187968e+01
9.998888547873221455e-01 -1.286931997294246850e-02 -7.527195728318312323e-03 -1.715626792290556035e-01 1.291637360704501331e-02 9.998971326372719792e-01 6.236299913274415130e-03 -8.411581143004479566e-01 7.446164836604757600e-03 -6.332830142595404464e-03 9.999522238045222000e-01 3.791663357481989749e+01
9.998521883949715860e-01 -1.554867275032927910e-02 -7.337583899996571145e-03 -1.425537922669291302e-01 1.561864479961072930e-02 9.998321539140659908e-01 9.577156894766300846e-03 -8.701866141992881110e-01 7.187440588827284475e-03 -9.690343689376062011e-03 9.999272163197487906e-01 3.891579113529233780e+01
9.998184851922733429e-01 -1.824220272332829212e-02 -5.497154502910391038e-03 -1.696766648202031047e-01 1.831046434105581405e-02 9.997525204078644423e-01 1.263427218883213243e-02 -8.842272428050078625e-01 5.265317468735978244e-03 -1.273263362674345069e-02 9.999050737309410630e-01 3.991532463172672607e+01
9.997879620406294743e-01 -1.995988320118107645e-02 -5.063005158944903009e-03 -1.611370186062765497e-01 2.002495303316810873e-02 9.997130700706535755e-01 1.314453445095850950e-02 -8.849534170510542364e-01 4.799189413978806676e-03 -1.324313304572058772e-02 9.999007886826076774e-01 4.091528790461143217e+01
9.997178009197665860e-01 -2.316371702986670320e-02 -5.268845936753097266e-03 -1.415340954694898346e-01 2.322356319572686095e-02 9.996630423990219283e-01 1.159602406130617706e-02 -8.912897938872778036e-01 4.998463896415278676e-03 -1.171511234619973876e-02 9.999188824606679571e-01 4.191507566995836243e+01
9.998144672622468754e-01 -1.878522936726829962e-02 -4.259836936721183610e-03 -1.454835894329110368e-01 1.883111058032710741e-02 9.997621746206676319e-01 1.099924870481366022e-02 -8.915048519471809874e-01 4.052200783878170433e-03 -1.107742473857170791e-02 9.999304327451821184e-01 4.291506784754999870e+01
9.998144672622467644e-01 -1.878522936726396281e-02 -4.259836936720745593e-03 -2.420144433015987695e-01 1.883111058032335000e-02 9.997621746206679649e-01 1.099924870481448942e-02 -8.951214192832882555e-01 4.052200783877800069e-03 -1.107742473857244517e-02 9.999304327451823404e-01 4.391039126967039863e+01
9.996983471677201027e-01 -2.413825672271850686e-02 -4.534228988033577219e-03 -2.202536242643824138e-01 2.418461699634154305e-02 9.996527420851041290e-01 1.046420290700225512e-02 -9.297308845870985161e-01 4.280067183016320227e-03 -1.057070423798388281e-02 9.999349685038626534e-01 4.490955524601848481e+01
9.996332292025077448e-01 -2.665853401884683491e-02 -4.767561025517385101e-03 -2.511439972941982846e-01 2.670227818789494556e-02 9.995996092352882334e-01 9.359997662482522074e-03 -9.457119916153039485e-01 4.516128681837215490e-03 -9.483868726330328680e-03 9.999448288859289491e-01 4.590895025752716663e+01
9.996589904686808969e-01 -2.530823182485067435e-02 -6.433986092404824289e-03 -2.249638217381609018e-01 2.536754783226669724e-02 9.996348291562173749e-01 9.311060884989189046e-03 -9.322946017877731251e-01 6.195990459746118090e-03 -9.471099470820337762e-03 9.999359519374405592e-01 4.690851744991347516e+01
9.996355807047102582e-01 -2.596393523257358241e-02 -7.387818107891543778e-03 -2.239426947790565947e-01 2.602876928479950711e-02 9.996222901147919782e-01 8.819312625341607648e-03 -9.211733647483446585e-01 7.156043953509183021e-03 -9.008393807318999802e-03 9.999338177479279999e-01 4.790845508567031885e+01
9.996437230079250336e-01 -2.461001374686326224e-02 -1.033316380564336043e-02 -1.802240311259225014e-01 2.469467057114416164e-02 9.996618455150767524e-01 8.146647579172815526e-03 -9.066869013008419520e-01 1.012918084944422134e-02 -8.398918488346958366e-03 9.999134251841725884e-01 4.890739393308571437e+01
9.997544607744295320e-01 -1.850759150958560320e-02 -1.218553314979740204e-02 -1.285862903611799113e-01 1.858201048556872362e-02 9.998092008899449601e-01 6.022516262267760788e-03 -8.743842215707023913e-01 1.207174624415697541e-02 -6.247468496996112612e-03 9.999076167726667075e-01 4.990553724979535843e+01
