1.000000000000000000e+00 1.197625000000000039e-11 1.704637999999999951e-10 0.000000000000000000e+00 1.197625000000000039e-11 1.000000000000000000e+00 3.562502999999999769e-10 -1.110222999999999951e-16 1.704637999999999951e-10 3.562502999999999769e-10 1.000000000000000000e+00 2.220445999999999902e-16
9.999995000000000411e-01 7.196824000000000537e-04 -6.870875999999999503e-04 -1.401751000000000039e-02 -7.197717000000000394e-04 9.999997000000000469e-01 -1.295632999999999865e-04 -2.820320999999999939e-02 6.869946000000000039e-04 1.300584999999999881e-04 9.999997999999999942e-01 1.198998000000000008e+00
9.999981000000000009e-01 1.430880000000000042e-03 -1.366264999999999971e-03 -2.787364999999999982e-02 -1.431233000000000071e-03 9.999989000000000239e-01 -2.576187000000000073e-04 -5.608119999999999772e-02 1.365895000000000000e-03 2.595742999999999857e-04 9.999989999999999712e-01 2.384180999999999884e+00
9.999955999999999845e-01 2.145638999999999966e-03 -2.049036000000000173e-03 -4.180319999999999869e-02 -2.146434999999999923e-03 9.999976000000000420e-01 -3.863467999999999785e-04 -8.410629000000000022e-02 2.048203000000000176e-03 3.907437999999999840e-04 9.999978000000000478e-01 3.575628000000000029e+00
9.999921999999999978e-01 2.860328999999999997e-03 -2.731935000000000006e-03 -5.573543000000000247e-02 -2.861746999999999989e-03 9.999957000000000429e-01 -5.150906000000000451e-04 -1.121362000000000053e-01 2.730451000000000059e-03 5.229053000000000433e-04 9.999961000000000544e-01 4.767291000000000167e+00
9.999877999999999822e-01 3.576816000000000023e-03 -3.416746000000000019e-03 -6.970674000000000314e-02 -3.579038000000000098e-03 9.999934000000000323e-01 -6.441878000000000057e-04 -1.402442000000000133e-01 3.414420000000000042e-03 6.564092000000000104e-04 9.999940000000000495e-01 5.962283000000000222e+00
9.999824000000000490e-01 4.290399999999999769e-03 -4.098978999999999991e-03 -8.362553999999999821e-02 -4.293603000000000003e-03 9.999905000000000044e-01 -7.727885000000000093e-04 -1.682458000000000009e-01 4.095625000000000307e-03 7.903747999999999937e-04 9.999913000000000274e-01 7.152769000000000155e+00
9.999759999999999760e-01 5.005067999999999670e-03 -4.782444000000000278e-03 -9.756958000000000297e-02 -5.009435999999999924e-03 9.999869999999999592e-01 -9.016141000000000520e-04 -1.962976999999999916e-01 4.777870000000000034e-03 9.255503999999999468e-04 9.999881999999999938e-01 8.345399999999999707e+00
9.999687000000000436e-01 5.718771000000000097e-03 -5.465183999999999667e-03 -1.114988999999999980e-01 -5.724484999999999643e-03 9.999831000000000136e-01 -1.030293999999999958e-03 -2.243192999999999993e-01 5.459201000000000331e-03 1.061548000000000049e-03 9.999845000000000539e-01 9.536761999999999517e+00
9.999603999999999715e-01 6.432384000000000192e-03 -6.148037999999999767e-03 -1.254307000000000061e-01 -6.439628999999999666e-03 9.999786000000000508e-01 -1.158987999999999902e-03 -2.523451999999999917e-01 6.140452000000000236e-03 1.198534000000000014e-03 9.999803999999999915e-01 1.072832000000000008e+01
9.999510999999999816e-01 7.145766999999999917e-03 -6.830868999999999830e-03 -1.393620999999999888e-01 -7.154724999999999800e-03 9.999736000000000180e-01 -1.287668999999999966e-03 -2.803696999999999995e-01 6.821487999999999684e-03 1.336479999999999916e-03 9.999757999999999702e-01 1.191982999999999926e+01
9.999409000000000214e-01 7.859280999999999212e-03 -7.514027999999999853e-03 -1.533004000000000033e-01 -7.870139999999999428e-03 9.999679999999999680e-01 -1.416404000000000014e-03 -3.084072999999999953e-01 7.502657000000000249e-03 1.475458000000000021e-03 9.999708000000000485e-01 1.311190999999999995e+01
9.999310999999999616e-01 8.435908000000000642e-03 -8.163220000000000545e-03 -1.671408000000000060e-01 -8.448594000000000243e-03 9.999630999999999936e-01 -1.520606000000000084e-03 -3.362948000000000048e-01 8.150093000000000615e-03 1.589469999999999945e-03 9.999654999999999516e-01 1.430348000000000042e+01
9.999063000000000256e-01 1.021483999999999934e-02 -9.110263999999999862e-03 -1.818140000000000034e-01 -1.023201999999999966e-02 9.999459000000000541e-01 -1.840096999999999957e-03 -3.654237000000000180e-01 9.090976000000000612e-03 1.933142000000000107e-03 9.999567999999999790e-01 1.549658999999999942e+01
9.999048999999999854e-01 9.942671000000000148e-03 -9.559125999999999387e-03 -1.950728999999999935e-01 -9.960151000000000421e-03 9.999487999999999710e-01 -1.782530999999999959e-03 -3.924444999999999739e-01 9.540913999999999298e-03 1.877572000000000095e-03 9.999527000000000276e-01 1.668758000000000052e+01
9.999044999999999739e-01 9.373886999999999151e-03 -1.015134000000000002e-02 -2.081761000000000028e-01 -9.389118000000000117e-03 9.999548000000000325e-01 -1.453538000000000096e-03 -4.191514000000000073e-01 1.013726000000000037e-02 1.548712000000000049e-03 9.999474000000000418e-01 1.788103999999999871e+01
9.999025999999999748e-01 9.037036000000000027e-03 -1.063811999999999917e-02 -2.220687000000000078e-01 -9.048731000000000829e-03 9.999584999999999724e-01 -1.051573000000000091e-03 -4.450814000000000159e-01 1.062816999999999928e-02 1.147732999999999956e-03 9.999428999999999679e-01 1.907663000000000153e+01
9.998928000000000260e-01 9.270130999999999163e-03 -1.133310000000000047e-02 -2.372951000000000088e-01 -9.293057999999999874e-03 9.999548000000000325e-01 -1.971848999999999911e-03 -4.715142999999999973e-01 1.131430999999999930e-02 2.076956999999999935e-03 9.999337999999999838e-01 2.027018999999999949e+01
9.998894999999999866e-01 9.007104999999999626e-03 -1.182761000000000055e-02 -2.531558999999999893e-01 -9.043320999999999998e-03 9.999544999999999684e-01 -3.011910999999999929e-03 -4.977816999999999936e-01 1.179995000000000002e-02 3.118539000000000033e-03 9.999255000000000226e-01 2.146468000000000131e+01
9.998738999999999821e-01 9.613273000000000304e-03 -1.263920999999999968e-02 -2.707636999999999960e-01 -9.644484000000000043e-03 9.999506000000000228e-01 -2.410509999999999823e-03 -5.247441000000000466e-01 1.261541000000000051e-02 2.532105000000000206e-03 9.999171999999999505e-01 2.265882999999999825e+01
9.998622000000000343e-01 9.849564999999999362e-03 -1.336112000000000063e-02 -2.887908000000000142e-01 -9.880846999999999894e-03 9.999485999999999652e-01 -2.277131999999999854e-03 -5.527301000000000020e-01 1.333801000000000084e-02 2.408837999999999951e-03 9.999082000000000248e-01 2.385295999999999950e+01
9.998496000000000050e-01 9.852334000000000785e-03 -1.427518000000000016e-02 -3.071147000000000182e-01 -9.896725999999999787e-03 9.999464000000000130e-01 -3.042266999999999975e-03 -5.812325999999999881e-01 1.424445000000000051e-02 3.183086999999999809e-03 9.998934999999999906e-01 2.504683999999999955e+01
9.998348000000000235e-01 1.011488999999999965e-02 -1.510545999999999937e-02 -3.273512000000000088e-01 -1.015685000000000025e-02 9.999447000000000196e-01 -2.703180999999999813e-03 -6.069839000000000206e-01 1.507729000000000014e-02 2.856158000000000134e-03 9.998823000000000016e-01 2.624309999999999832e+01
9.998321999999999488e-01 9.254979999999999457e-03 -1.580828999999999915e-02 -3.472488000000000241e-01 -9.264586999999999475e-03 9.999569000000000374e-01 -5.344807999999999937e-04 -6.329432000000000391e-01 1.580265999999999962e-02 6.808489999999999725e-04 9.998749000000000109e-01 2.744168000000000163e+01
9.998234000000000288e-01 8.611255999999999425e-03 -1.670535000000000075e-02 -3.677984999999999727e-01 -8.617934000000000705e-03 9.999628000000000405e-01 -3.276811999999999824e-04 -6.565642000000000422e-01 1.670191000000000037e-02 4.715896000000000020e-04 9.998603999999999825e-01 2.863711999999999946e+01
9.998145999999999978e-01 7.984938000000000452e-03 -1.751954000000000011e-02 -3.892135999999999929e-01 -8.016013000000000652e-03 9.999664000000000330e-01 -1.704144000000000101e-03 -6.824261000000000355e-01 1.750534999999999938e-02 1.844266000000000004e-03 9.998451000000000422e-01 2.982829999999999870e+01
9.998008000000000450e-01 7.461297000000000415e-03 -1.851043999999999953e-02 -4.112761999999999807e-01 -7.508904999999999746e-03 9.999685999999999853e-01 -2.503664999999999970e-03 -7.087202000000000224e-01 1.849117999999999942e-02 2.642160000000000168e-03 9.998255000000000337e-01 3.102794000000000096e+01
9.997835000000000472e-01 7.872528000000000165e-03 -1.925947999999999896e-02 -4.357160999999999951e-01 -7.922231999999999538e-03 9.999654999999999516e-01 -2.505745000000000194e-03 -7.356473999999999513e-01 1.923909000000000036e-02 2.657781000000000119e-03 9.998114000000000168e-01 3.223192999999999842e+01
9.997741999999999463e-01 7.403986000000000421e-03 -1.991671999999999887e-02 -4.596532999999999869e-01 -7.444296000000000420e-03 9.999704000000000370e-01 -1.950488999999999912e-03 -7.632533000000000234e-01 1.990168999999999966e-02 2.098314999999999902e-03 9.997996999999999579e-01 3.342023999999999972e+01
9.997629999999999573e-01 7.159486999999999969e-03 -2.056207999999999994e-02 -4.846981000000000206e-01 -7.195731000000000349e-03 9.999727000000000476e-01 -1.689149999999999940e-03 -7.915944999999999787e-01 2.054943000000000047e-02 1.836708999999999955e-03 9.997871999999999870e-01 3.461480000000000246e+01
9.997578000000000298e-01 6.402721999999999580e-03 -2.105454999999999827e-02 -5.098190000000000222e-01 -6.438109000000000019e-03 9.999778999999999751e-01 -1.613318999999999994e-03 -8.182722000000000051e-01 2.104376000000000163e-02 1.748481000000000080e-03 9.997770000000000268e-01 3.581255999999999773e+01
9.997447000000000417e-01 6.469360999999999862e-03 -2.164904000000000134e-02 -5.367056999999999523e-01 -6.505831000000000114e-03 9.999774999999999636e-01 -1.614507000000000051e-03 -8.457826999999999984e-01 2.163810999999999859e-02 1.754941000000000096e-03 9.997643000000000502e-01 3.700927999999999685e+01
9.997456000000000120e-01 5.595697000000000171e-03 -2.184987000000000040e-02 -5.627412000000000525e-01 -5.621433000000000332e-03 9.999835999999999725e-01 -1.116570000000000106e-03 -8.734674999999999523e-01 2.184325999999999976e-02 1.239113999999999927e-03 9.997605999999999993e-01 3.820689999999999742e+01
9.997468999999999939e-01 5.730088999999999842e-03 -2.175759000000000026e-02 -5.904618999999999840e-01 -5.729520999999999573e-03 9.999835999999999725e-01 8.851327000000000305e-05 -9.001114000000000059e-01 2.175774000000000111e-02 3.617046999999999998e-05 9.997633000000000214e-01 3.940549000000000035e+01
9.997473000000000054e-01 6.200803000000000391e-03 -2.160646999999999915e-02 -6.181702999999999504e-01 -6.179958000000000153e-03 9.999803000000000441e-01 1.031475000000000013e-03 -9.268581999999999654e-01 2.161244000000000012e-02 -8.976859999999999701e-04 9.997660000000000435e-01 4.060244000000000142e+01
9.997432000000000540e-01 6.994168000000000260e-03 -2.155419000000000085e-02 -6.466319000000000372e-01 -6.982521000000000214e-03 9.999753999999999587e-01 6.156643999999999528e-04 -9.531287000000000509e-01 2.155796999999999922e-02 -4.650028999999999860e-04 9.997675000000000312e-01 4.179870999999999981e+01
9.997392999999999974e-01 7.822383000000000461e-03 -2.144963000000000078e-02 -6.756680000000000463e-01 -7.813016000000000752e-03 9.999692999999999499e-01 5.205580999999999924e-04 -9.776312000000000335e-01 2.145303999999999961e-02 -3.528353000000000132e-04 9.997698000000000418e-01 4.299591999999999814e+01
9.997217000000000464e-01 1.079816999999999930e-02 -2.097680000000000031e-02 -7.080159999999999787e-01 -1.075807999999999973e-02 9.999400999999999984e-01 2.023359000000000182e-03 -1.000412000000000079e+00 2.099739999999999940e-02 -1.797124999999999894e-03 9.997778999999999971e-01 4.419563000000000130e+01
9.997511000000000037e-01 1.107362999999999924e-02 -1.936701000000000047e-02 -7.358613000000000515e-01 -1.097597999999999976e-02 9.999265000000000514e-01 5.141411000000000245e-03 -1.020364999999999966e+00 1.942251999999999867e-02 -4.927556999999999944e-03 9.997991999999999990e-01 4.539562999999999704e+01
9.997772999999999799e-01 1.163716000000000056e-02 -1.760588999999999904e-02 -7.617275000000000018e-01 -1.149999999999999981e-02 9.999029000000000389e-01 7.871628000000000305e-03 -1.037444000000000033e+00 1.769578000000000123e-02 -7.667405000000000401e-03 9.998139999999999805e-01 4.659611999999999910e+01
9.998038000000000203e-01 1.191970000000000009e-02 -1.582126999999999839e-02 -7.844470000000000054e-01 -1.174383000000000024e-02 9.998687000000000547e-01 1.116291999999999979e-02 -1.051207000000000003e+00 1.595225999999999936e-02 -1.097492000000000086e-02 9.998124999999999929e-01 4.780149000000000115e+01
9.998272999999999744e-01 1.160707000000000058e-02 -1.451319000000000047e-02 -8.050203999999999693e-01 -1.141470999999999979e-02 9.998468000000000355e-01 1.326757999999999930e-02 -1.064092000000000038e+00 1.466496999999999939e-02 -1.309961999999999932e-02 9.998067000000000482e-01 4.900453999999999866e+01
9.998654999999999626e-01 9.923126000000000863e-03 -1.305597000000000008e-02 -8.220020000000000104e-01 -9.772671999999999609e-03 9.998856999999999884e-01 1.153768999999999975e-02 -1.073849999999999971e+00 1.316897000000000033e-02 -1.140854000000000000e-02 9.998481999999999648e-01 5.020347999999999900e+01
9.998740000000000405e-01 1.039846999999999994e-02 -1.199805999999999963e-02 -8.402901999999999871e-01 -1.028810999999999962e-02 9.999044999999999739e-01 9.223320999999999603e-03 -1.085315000000000030e+00 1.209283000000000059e-02 -9.098718000000000430e-03 9.998854999999999826e-01 5.140456999999999965e+01
9.998707999999999485e-01 1.154740999999999927e-02 -1.118360000000000014e-02 -8.594629999999999770e-01 -1.144655999999999972e-02 9.998936000000000490e-01 9.040289999999999437e-03 -1.098286000000000096e+00 1.128679999999999961e-02 -8.911106000000000235e-03 9.998966000000000243e-01 5.260582999999999743e+01
9.998820000000000485e-01 1.057345999999999980e-02 -1.114334999999999978e-02 -8.753783000000000536e-01 -1.047818000000000013e-02 9.999082999999999721e-01 8.574573999999999738e-03 -1.112635000000000041e+00 1.123298999999999999e-02 -8.456797999999999746e-03 9.999012000000000455e-01 5.381125000000000114e+01
9.998803000000000551e-01 9.904895000000000366e-03 -1.188406000000000011e-02 -8.928730000000000278e-01 -9.811863000000000529e-03 9.999209000000000014e-01 7.861425000000000010e-03 -1.127882999999999969e+00 1.196098999999999947e-02 -7.743878000000000046e-03 9.998985000000000234e-01 5.501520000000000010e+01
9.998591999999999480e-01 1.007196999999999953e-02 -1.341953000000000069e-02 -9.118602000000000096e-01 -9.967695000000000374e-03 9.999198000000000253e-01 7.815017000000000491e-03 -1.143151999999999946e+00 1.349715999999999937e-02 -7.680153000000000327e-03 9.998793999999999738e-01 5.622026999999999930e+01
9.998373000000000399e-01 1.009707999999999960e-02 -1.494468000000000012e-02 -9.332308999999999743e-01 -9.958178999999999295e-03 9.999067999999999845e-01 9.339764000000000399e-03 -1.160687000000000024e+00 1.503758999999999998e-02 -9.189420999999999701e-03 9.998447000000000306e-01 5.742777000000000243e+01
9.998224999999999474e-01 1.009404000000000030e-02 -1.590911000000000061e-02 -9.562150000000000372e-01 -9.940126999999999990e-03 9.999033000000000504e-01 9.724524999999999489e-03 -1.175654999999999895e+00 1.600572999999999926e-02 -9.564658000000000188e-03 9.998261999999999983e-01 5.863262000000000285e+01
9.997987000000000402e-01 1.105266000000000061e-02 -1.674528999999999948e-02 -9.814359999999999751e-01 -1.089511999999999946e-02 9.998958000000000013e-01 9.469923999999999356e-03 -1.190277999999999947e+00 1.684822000000000056e-02 -9.285573999999999564e-03 9.998148999999999509e-01 5.983856999999999715e+01
